1 2 20
3 4 441
3 3 544
1 5 808
1 6 291
6 6 405
3 6 371
4 7 692
6 8 5
1 3 719
1 1 302
3 7 523
1 9 12
1 10 14
10 10 1
1 7 400
5 6 747
5 7 229
6 7 283
7 11 98
7 12 35
12 12 2
12 13 1
7 13 1
12 14 5
7 14 0
7 7 620
4 6 655
4 5 528
4 15 5
7 15 15
3 16 2
4 4 421
3 17 31
3 18 20
3 19 21
7 19 6
19 19 2
7 20 100
5 5 294
7 21 115
7 22 11
21 22 0
3 23 2
6 24 1
3 5 452
3 25 14
3 26 22
25 26 4
3 27 8
27 27 3
1 28 0
3 29 5
5 30 45
3 31 20
31 31 3
31 32 5
3 32 5
4 32 2
4 33 50
4 34 6
33 34 47
1 35 21
36 36 91
36 37 5
1 36 28
1 38 16
1 39 9
3 40 13
1 41 72
3 42 1
1 42 3
1 43 0
3 43 0
1 44 4
4 45 11
3 46 2
4 47 42
4 48 18
4 49 26
1 4 231
4 50 64
50 50 28
5 51 3
1 51 6
7 52 3
52 53 2
7 54 23
4 41 19
7 41 3
5 55 2
3 55 2
41 55 0
7 56 12
56 56 1
5 57 55
57 57 12
4 57 1
4 58 6
5 59 0
4 60 53
6 61 1
5 62 34
6 63 1
39 39 2
7 62 32
3 64 13
6 65 40
7 66 0
5 22 14
6 67 0
7 60 4
6 64 8
3 68 1
7 68 27
1 68 12
50 69 6
60 60 12
3 70 5
6 70 2
70 70 1
1 71 11
71 71 8
6 72 8
5 73 5
5 74 10
5 75 7
4 64 108
64 64 6
3 76 1
4 77 27
3 41 6
6 78 36
79 79 2
3 79 5
4 80 5
3 80 0
6 81 16
6 82 10
4 82 13
3 83 28
6 84 18
7 85 17
3 86 21
3 62 15
4 87 2
87 88 1
4 88 9
4 89 7
7 90 33
7 18 123
18 90 21
18 18 1
5 91 16
6 91 27
91 91 2
3 33 1
1 34 5
34 34 1
3 30 23
30 92 1
6 92 1
1 93 2
68 93 10
5 68 19
5 93 15
6 71 44
5 36 12
1 94 1
3 95 6
3 96 11
33 97 1
4 97 2
7 98 5
4 69 1
1 99 2
5 99 0
5 100 1
3 101 7
1 101 1
5 102 22
7 103 15
1 103 5
5 71 2
1 104 3
4 11 1
7 105 9
105 105 3
3 105 5
41 41 12
5 106 18
7 107 0
6 108 17
5 41 3
4 109 20
3 109 19
2 3 5
4 16 6
3 110 23
6 111 14
111 111 13
4 22 14
4 18 6
4 112 42
112 113 1
3 114 6
112 115 1
112 112 1
4 116 8
7 117 5
6 117 5
1 118 6
3 118 1
1 119 8
3 119 16
119 119 1
6 120 9
1 121 17
6 62 7
3 122 7
5 123 0
35 35 0
4 35 1
7 35 7
3 35 5
5 110 5
3 11 4
3 124 7
124 124 1
121 121 4
7 125 7
4 126 7
47 127 1
4 127 6
7 95 7
11 66 0
3 128 2
5 67 2
4 67 1
4 17 7
5 17 1
7 17 2
20 20 3
4 129 8
95 129 2
95 95 0
6 130 22
5 131 1
5 95 0
1 95 1
5 83 1
83 83 6
1 83 2
4 132 5
7 133 2
6 134 1
134 134 1
3 60 1
6 135 6
6 136 22
20 137 10
137 137 0
7 137 5
138 138 5
6 138 30
6 139 1
3 139 7
3 140 1
139 140 1
139 141 1
1 62 18
1 20 5
7 142 6
4 142 1
1 143 0
3 63 15
1 144 1
4 144 0
1 145 7
145 145 2
7 93 34
4 93 5
7 146 10
4 146 10
30 147 3
5 147 0
30 30 4
3 147 5
6 148 24
5 149 0
4 149 1
11 150 8
11 11 8
114 135 6
4 66 18
66 66 0
6 57 19
3 57 1
57 62 1
1 57 1
5 151 1
1 152 0
4 104 31
104 104 0
4 115 1
32 112 1
4 153 5
153 153 1
1 117 1
5 27 5
1 154 1
154 155 1
1 155 5
7 155 0
5 156 7
4 157 5
7 104 24
93 104 1
5 152 6
1 158 9
158 158 0
7 64 19
6 159 4
3 155 17
1 160 1
5 160 0
3 161 0
19 161 0
7 16 1
7 162 20
4 163 1
85 85 1
7 164 0
6 51 11
165 165 5
57 165 1
7 166 26
6 110 1
4 167 5
5 167 2
6 167 1
5 104 1
3 168 1
3 103 15
103 103 1
7 109 13
4 121 5
6 41 6
21 21 0
4 169 0
169 170 0
7 169 4
3 133 13
65 67 17
6 171 8
117 117 0
3 172 0
172 173 5
173 174 1
3 174 5
1 175 5
5 176 22
4 95 0
5 177 17
7 177 1
1 177 1
177 177 1
48 49 11
62 62 0
4 62 1
4 90 6
6 93 15
4 166 43
1 178 4
6 90 1
7 179 0
4 180 6
4 181 6
50 180 1
4 156 10
4 182 1
7 182 1
5 183 20
4 183 12
183 183 1
6 183 5
1 184 1
5 184 0
18 162 1
22 22 1
128 185 2
6 186 20
148 186 1
148 187 2
6 187 1
187 187 1
5 33 8
7 188 15
188 188 1
6 104 6
1 148 3
3 148 1
4 148 5
148 148 1
5 189 33
17 17 1
6 190 0
190 191 2
6 191 2
38 176 1
5 38 5
6 38 1
104 157 5
7 192 5
7 193 1
193 193 0
3 194 1
7 51 37
3 38 5
7 119 3
7 118 24
1 195 10
195 195 0
7 196 6
7 197 6
148 196 0
198 199 0
4 199 10
199 200 15
4 200 5
4 201 14
5 202 6
6 203 10
3 135 1
6 204 5
4 110 2
95 205 0
4 206 5
206 207 5
206 206 0
7 208 0
208 209 1
1 210 6
5 211 17
3 116 5
5 212 1
7 212 1
4 213 0
1 81 8
5 81 13
26 30 1
4 214 2
3 142 3
5 215 2
215 215 2
7 216 10
4 83 5
7 83 2
6 155 5
6 217 25
7 218 6
3 219 0
7 219 5
3 218 1
7 124 6
7 220 2
3 54 22
54 54 1
3 221 33
7 222 0
5 222 0
223 223 2
1 223 6
27 223 1
5 20 6
3 224 3
68 68 3
1 225 11
5 225 5
3 226 10
1 226 5
7 227 7
4 188 3
6 17 3
62 68 0
4 228 1
228 228 1
1 228 1
6 229 3
6 230 7
4 230 1
5 231 1
3 231 0
1 232 1
16 232 1
16 18 0
18 232 1
65 65 0
1 233 2
6 234 1
5 234 1
7 110 5
3 9 2
1 235 2
235 235 2
5 236 6
102 237 1
7 238 0
7 239 5
4 135 14
5 240 6
3 240 5
3 241 12
5 241 32
3 242 2
6 152 11
33 33 4
5 243 4
4 189 17
4 244 4
244 244 3
4 245 7
4 246 1
4 247 5
3 248 1
5 235 1
3 249 1
6 250 20
110 250 1
251 252 0
5 252 5
5 89 1
89 89 3
89 251 1
4 251 0
4 252 1
6 253 15
7 77 2
254 255 2
255 256 5
1 256 1
1 255 1
1 254 5
6 18 5
5 257 1
1 257 3
258 258 4
4 258 5
189 189 3
3 259 9
259 259 4
259 260 1
3 260 2
